[master]
npx=1
npy=1

[grid]
itot=128
jtot=32
ktot=96

xsize=12800.
ysize=3200.
zsize=5000.

swspatialorder=2

[advec]
swadvec=2i5
cflmax=1.4
fluxlimit_list=co2

[limiter]
limitlist=co2

[diff]
swdiff=smag2
dnmax=0.4

[thermo]
swthermo=moist
swbasestate=anelastic
pbot=100000.

[force]
swlspres=0
swls=0
swwls=0

[boundary]
mbcbot=noslip
mbctop=freeslip
sbcbot=flux
sbctop=neumann
sbot=0
stop=0
sbot[thl]=0.2
stop[thl]=0.00384
sbot[qt]=0.1e-3
stop[qt]=-2.8e-7
swboundary=surface
z0m=0.1
z0h=0.1

scalar_outflow=co2
flow_direction[north]=outflow
flow_direction[east]=outflow
flow_direction[south]=outflow
flow_direction[west]=inflow

[fields]
visc=1.e-5
svisc=1.e-5
slist=co2

rndseed=2
rndamp[thl]=0.1
rndz=300.
rndexp=2.

[source]
swsource=1

sourcelist=co2,co2,co2,co2,co2,co2,co2,co2,co2
source_x0=670,960,1250,710,1000,1290,750,1040,1330
source_y0=1480.0,1480.0,1480.0,1600.0,1600.0,1600.0,1720.0,1720.0,1720.0
source_z0=299.68,299.68,299.68,299.68,299.68,299.68,299.68,299.68,299.68
sigma_x=25,25,25,25,25,25,25,25,25
sigma_y=25,25,25,25,25,25,25,25,25
sigma_z=122.37,122.37,122.37,122.37,122.37,122.37,122.37,122.37,122.37
strength=1.85,1.85,1.85,1.85,1.85,1.85,1.85,1.85,1.85
swvmr=true,true,true,true,true,true,true,true,true
line_x=0,0,0,0,0,0,0,0,0
line_y=0,0,0,0,0,0,0,0,0
line_z=0,0,0,0,0,0,0,0,0


[buffer]
swbuffer=1
zstart=4000.
sigma=0.00223
beta=2.

[time]
endtime=43200
dt=6.
dtmax=60.
savetime=3600
outputiter=5
adaptivestep=true
starttime=0
rkorder=4

[stats]
swstats=1
sampletime=300

[cross]
swcross=1
sampletime=300
crosslist=co2,co2_path,thl,qt,ql,w
xy=75,150,200,400
xz=1600
