[master]
npx=1
npy=1

[grid]
itot=768
jtot=384
ktot=256

xsize=6.283185307179586
ysize=3.141592653589793
zsize=2.

swspatialorder=4

[force]
swlspres=uflux
uflux=0.11

[fields]
visc=1.e-5
rndz=2.
rndamp[u]=1.e-4
rndamp[v]=1.e-4
rndamp[w]=1.e-4
#slist=s
vortexnpair=2
vortexamp=2.5e-3
vortexaxis=x

[boundary]
mbcbot=noslip
mbctop=noslip

[time]
endtime=7200
adaptivestep=true
dtmax=20.
savetime=900.
outputiter=20
starttime=0
rkorder=3

[stats]
swstats=1
sampletime=60.

[budget]
swbudget=4

[cross]
swcross=0
crosslist=u,v,w,p
sampletime=60
xy=0.00904297409,0.0325952436,0.0815291849,0.168584979,0.506833545,0.991743815
