[master]
npx=1
npy=1

[grid]
itot=64
jtot=32
ktot=64

xsize=6400.
ysize=3200.
zsize=3200.

swspatialorder=2

[advec]
swadvec=2i5
cflmax=1.0
fluxlimit_list=co2,hno3,co,hcho,rooh,h2o2,rh,no2,no,o3,ro2,ho2,oh,no3,n2o5

[diff]
swdiff=smag2
dnmax=0.3

[thermo]
swbasestate=anelastic
swthermo=vapor
thref0=300.
pbot=100000.
swupdatebasestate=1

[force]
swlspres=0
swls=0
swwls=0

[boundary]
swtimedep=1
timedeplist=thl_sbot, qt_sbot
mbcbot=noslip
mbctop=freeslip
sbcbot=flux
sbctop=neumann
sbot=0
stop=0
sbot[thl]=0.2
stop[thl]=0.003
swboundary=surface
z0m=0.1
z0h=0.1
scalar_outflow=co2,hno3,co,hcho,rooh,h2o2,rh,no2,no,o3,ro2,ho2,oh,no3,n2o5

[fields]
visc=1.e-5
svisc=1.e-5
slist =co2,hno3,co,hcho,rooh,h2o2,rh,no2,no,o3,ro2,ho2,oh,no3,n2o5

rndseed=2
rndamp[thl]=0.1
rndz=300.
rndexp=2.

[source]
swsource=1
swmmr=false
sourcelist=co2,co2,co2,co2,co2,co2,co2,co2,co2,no,no,no,no,no,no,no,no,no
source_x0=670,960,1250,710,1000,1290,750,1040,1330,670,960,1250,710,1000,1290,750,1040,1330
source_y0=1480.0,1480.0,1480.0,1600.0,1600.0,1600.0,1720.0,1720.0,1720.0,1480.0,1480.0,1480.0,1600.0,1600.0,1600.0,1720.0,1720.0,1720.0
source_z0=150,150,150,150,150,150,150,150,150,150,150,150,150,150,150,150,150,150
sigma_x=50,50,50,50,50,50,50,50,50,50,50,50,50,50,50,50,50,50
sigma_y=50,50,50,50,50,50,50,50,50,50,50,50,50,50,50,50,50,50
sigma_z=50,50,50,50,50,50,50,50,50,50,50,50,50,50,50,50,50,50
strength=1.896,1.896,1.896,1.896,1.896,1.896,1.896,1.896,1.896,0.001454,0.001454,0.001454,0.001454,0.001454,0.001454,0.001454,0.001454,0.001454
line_x=0,0,0,0,0,0,0,0,0,0,0,0,0,0,0,0,0,0
line_y=0,0,0,0,0,0,0,0,0,0,0,0,0,0,0,0,0,0
line_z=0,0,0,0,0,0,0,0,0,0,0,0,0,0,0,0,0,0

[chemistry]
swchemistry = enabled
switch_dt = 2e4

[buffer]
swbuffer=1
zstart=2400.
sigma=0.00223
beta=2.

[time]
endtime=21600
dt=1.0
dtmax=10.0
savetime=180
outputiter=5
adaptivestep=true
starttime=10800
rkorder=3

[stats]
swstats=1
sampletime=60

[dump]
swdump=0
sampletime=180
dumplist=oh

[cross]
swcross=1
sampletime=60
crosslist=co2,co2path,no2,no2path
xy=75,150,200,400
yz=5000
xz=1600
